op3	2	100000	6250	21416530	3.583733
op4a	2	100000	6250	19379120	5.194239
op4b	2	100000	6250	20380056	4.193372
op4ab	2	100000	6250	18394070	5.046933
op3	2	100000	3125	6598978	0.935885
op4a	2	100000	3125	6095622	1.281765
op4b	2	100000	3125	5708380	1.276039
op4ab	2	100000	3125	5232171	1.666862
op3	2	10000	5000	12668675	1.067366
op4a	2	10000	5000	7436443	1.215987
op4b	2	10000	5000	12541414	1.176386
op4ab	2	10000	5000	7344331	1.332867
op3	2	10000	2500	3288757	0.284057
op4a	2	10000	2500	2651055	0.351475
op4b	2	10000	2500	3186565	0.332052
op4ab	2	10000	2500	2565690	0.399800
op3	2	10000	1250	929712	0.091409
op4a	2	10000	1250	827625	0.114377
op4b	2	10000	1250	848843	0.112288
op4ab	2	10000	1250	754670	0.136894
op3	2	10000	625	328011	0.037100
op4a	2	10000	625	303304	0.048748
op4b	2	10000	625	262409	0.052184
op4ab	2	10000	625	241677	0.067289
op3	2	10000	312	166309	0.021007
op4a	2	10000	312	159775	0.030545
op4b	2	10000	312	113439	0.036086
op4ab	2	10000	312	108870	0.047104
op3	2	1000	500	137063	0.011324
op4a	2	1000	500	84053	0.011850
op4b	2	1000	500	128261	0.012116
op4ab	2	1000	500	77903	0.013317
op3	2	1000	250	42107	0.003542
op4a	2	1000	250	34515	0.004161
op4b	2	1000	250	35892	0.004805
op4ab	2	1000	250	29504	0.005849
op3	2	1000	125	17536	0.001773
op4a	2	1000	125	16162	0.002210
op4b	2	1000	125	12988	0.003268
op4ab	2	1000	125	12179	0.004584
op3	2	1000	62	10021	0.001210
op4a	2	1000	62	9658	0.001515
op4b	2	1000	62	6878	0.001752
op4ab	2	1000	62	6752	0.002016
op3	2	1000	31	7118	0.000956
op4a	2	1000	31	7022	0.001239
op4b	2	1000	31	5032	0.001432
op4ab	2	1000	31	5044	0.001704
op3	2	100	50	1867	0.000239
op4a	2	100	50	1353	0.000213
op4b	2	100	50	1467	0.000224
op4ab	2	100	50	1100	0.000256
op3	2	100	25	871	0.000108
op4a	2	100	25	752	0.000130
op4b	2	100	25	634	0.000174
op4ab	2	100	25	580	0.000167
op3	2	100	12	538	0.000071
op4a	2	100	12	519	0.000097
op4b	2	100	12	408	0.000109
op4ab	2	100	12	420	0.000127
op3	2	100	6	322	0.000045
op4a	2	100	6	320	0.000063
op4b	2	100	6	284	0.000070
op4ab	2	100	6	293	0.000086
op3	2	100	3	217	0.000031
op4a	2	100	3	217	0.000054
op4b	2	100	3	213	0.000047
op4ab	2	100	3	216	0.000058
op3	3	100000	6250	22923363	3.927747
op4a	3	100000	6250	22254295	5.059722
op4b	3	100000	6250	20622915	4.733180
op4ab	3	100000	6250	20025467	5.891809
op3	3	100000	3125	7973794	1.318162
op4a	3	100000	3125	7796123	1.688118
op4b	3	100000	3125	5950931	1.916841
op4ab	3	100000	3125	5814800	2.292577
op3	3	10000	5000	12802857	1.189526
op4a	3	10000	5000	9260169	1.368852
op4b	3	10000	5000	12553973	1.343589
op4ab	3	10000	5000	9059751	1.477718
op3	3	10000	2500	3407403	0.322145
op4a	3	10000	2500	3103791	0.396175
op4b	3	10000	2500	3203729	0.380886
op4ab	3	10000	2500	2922031	0.450494
op3	3	10000	1250	1037031	0.104884
op4a	3	10000	1250	995382	0.130593
op4b	3	10000	1250	867608	0.143295
op4ab	3	10000	1250	836548	0.169206
op3	3	10000	625	422255	0.047864
op4a	3	10000	625	411330	0.059541
op4b	3	10000	625	282823	0.076134
op4ab	3	10000	625	277150	0.095069
op3	3	10000	312	244270	0.030749
op4a	3	10000	312	240976	0.038989
op4b	3	10000	312	133068	0.054052
op4ab	3	10000	312	132403	0.064912
op3	3	1000	500	144766	0.012746
op4a	3	1000	500	106655	0.012925
op4b	3	1000	500	129277	0.013722
op4ab	3	1000	500	94504	0.015568
op3	3	1000	250	48069	0.004174
op4a	3	1000	250	43922	0.005385
op4b	3	1000	250	37256	0.005374
op4ab	3	1000	250	34561	0.006556
op3	3	1000	125	22603	0.002825
op4a	3	1000	125	21822	0.002876
op4b	3	1000	125	14392	0.003375
op4ab	3	1000	125	14285	0.003679
op3	3	1000	62	13341	0.001699
op4a	3	1000	62	13136	0.001797
op4b	3	1000	62	8202	0.003210
op4ab	3	1000	62	8273	0.003111
op3	3	1000	31	9596	0.001530
op4a	3	1000	31	9537	0.001950
op4b	3	1000	31	6248	0.003023
op4ab	3	1000	31	6324	0.003384
op3	3	100	50	2135	0.000267
op4a	3	100	50	1625	0.000242
op4b	3	100	50	1537	0.000276
op4ab	3	100	50	1239	0.000302
op3	3	100	25	1092	0.000127
op4a	3	100	25	1039	0.000148
op4b	3	100	25	716	0.000178
op4ab	3	100	25	752	0.000195
op3	3	100	12	582	0.000068
op4a	3	100	12	577	0.000135
op4b	3	100	12	443	0.000110
op4ab	3	100	12	473	0.000168
op3	3	100	6	370	0.000069
op4a	3	100	6	367	0.000085
op4b	3	100	6	339	0.000115
op4ab	3	100	6	347	0.000161
op3	3	100	3	232	0.000043
op4a	3	100	3	232	0.000076
op4b	3	100	3	229	0.000081
op4ab	3	100	3	232	0.000121
op3	5	100000	6250	28612492	5.819124
op4a	5	100000	6250	28447595	6.837298
op4b	5	100000	6250	21468474	8.339304
op4ab	5	100000	6250	21412434	11.128048
op3	5	100000	3125	12748447	2.662425
op4a	5	100000	3125	12699936	3.241886
op4b	5	100000	3125	6766923	4.487141
op4ab	5	100000	3125	6771501	4.546955
op3	5	10000	5000	13276063	1.506974
op4a	5	10000	5000	10435936	1.602498
op4b	5	10000	5000	12595272	1.708227
op4ab	5	10000	5000	9825884	1.777818
op3	5	10000	2500	3828653	0.431804
op4a	5	10000	2500	3647344	0.495665
op4b	5	10000	2500	3266228	0.586834
op4ab	5	10000	2500	3118969	0.615337
op3	5	10000	1250	1405141	0.163702
op4a	5	10000	1250	1388017	0.187145
op4b	5	10000	1250	938068	0.265207
op4ab	5	10000	1250	936601	0.281397
op3	5	10000	625	716599	0.083181
op4a	5	10000	625	712941	0.097203
op4b	5	10000	625	348567	0.163544
op4ab	5	10000	625	351946	0.169898
op3	5	10000	312	469364	0.056140
op4a	5	10000	312	467932	0.066247
op4b	5	10000	312	195442	0.118862
op4ab	5	10000	312	197624	0.128033
op3	5	1000	500	165201	0.015869
op4a	5	1000	500	135753	0.016803
op4b	5	1000	500	132405	0.019804
op4ab	5	1000	500	108017	0.019976
op3	5	1000	250	67740	0.006509
op4a	5	1000	250	65190	0.008749
op4b	5	1000	250	41981	0.011409
op4ab	5	1000	250	41906	0.009619
op3	5	1000	125	37261	0.003687
op4a	5	1000	125	36805	0.005702
op4b	5	1000	125	19741	0.006318
op4ab	5	1000	125	20537	0.006198
op3	5	1000	62	22942	0.002900
op4a	5	1000	62	22811	0.002799
op4b	5	1000	62	13158	0.004435
op4ab	5	1000	62	13591	0.004228
op3	5	1000	31	15261	0.001483
op4a	5	1000	31	15235	0.002626
op4b	5	1000	31	9773	0.003423
op4ab	5	1000	31	10012	0.002911
op3	5	100	50	2941	0.000343
op4a	5	100	50	2532	0.000312
op4b	5	100	50	1761	0.000441
op4ab	5	100	50	1736	0.000436
op3	5	100	25	1511	0.000163
op4a	5	100	25	1464	0.000196
op4b	5	100	25	1015	0.000272
op4ab	5	100	25	1123	0.000276
op3	5	100	12	861	0.000099
op4a	5	100	12	851	0.000125
op4b	5	100	12	707	0.000172
op4ab	5	100	12	757	0.000179
op3	5	100	6	472	0.000066
op4a	5	100	6	471	0.000077
op4b	5	100	6	454	0.000098
op4ab	5	100	6	468	0.000108
op3	5	100	3	260	0.000045
op4a	5	100	3	260	0.000053
op4b	5	100	3	257	0.000060
op4ab	5	100	3	260	0.000079
op3	10	100000	6250	74057307	19.790528
op4a	10	100000	6250	73989476	20.541518
op4b	10	100000	6250	28384378	43.444212
op4ab	10	100000	6250	28767697	41.339178
op3	10	100000	3125	46626269	11.438568
op4a	10	100000	3125	46609365	12.195395
op4b	10	100000	3125	13344339	29.769502
op4ab	10	100000	3125	13574668	26.406608
op3	10	10000	5000	16995380	2.458927
op4a	10	10000	5000	14209290	2.508112
op4b	10	10000	5000	12954601	6.488034
op4ab	10	10000	5000	10503369	5.767023
op3	10	10000	2500	6841816	1.431434
op4a	10	10000	2500	6665273	1.401198
op4b	10	10000	2500	3788800	3.212939
op4ab	10	10000	2500	3784139	2.545525
op3	10	10000	1250	3579497	0.547913
op4a	10	10000	1250	3569509	0.698348
op4b	10	10000	1250	1507194	2.380196
op4ab	10	10000	1250	1590115	1.687484
op3	10	10000	625	2200300	0.346371
op4a	10	10000	625	2197740	0.449654
op4b	10	10000	625	885609	1.480575
op4ab	10	10000	625	931416	1.275098
op3	10	10000	312	1375468	0.248060
op4a	10	10000	312	1374327	0.302090
op4b	10	10000	312	689085	0.975174
op4ab	10	10000	312	712045	0.774693
op3	10	1000	500	282023	0.035364
op4a	10	1000	500	251638	0.040624
op4b	10	1000	500	160829	0.122082
op4ab	10	1000	500	162461	0.094969
op3	10	1000	250	146868	0.020675
op4a	10	1000	250	144000	0.019885
op4b	10	1000	250	80482	0.071195
op4ab	10	1000	250	92400	0.060686
op3	10	1000	125	81597	0.015232
op4a	10	1000	125	81209	0.016742
op4b	10	1000	125	54692	0.047685
op4ab	10	1000	125	60211	0.031763
op3	10	1000	62	46346	0.007534
op4a	10	1000	62	46228	0.009927
op4b	10	1000	62	37362	0.019366
op4ab	10	1000	62	39018	0.019976
op3	10	1000	31	26017	0.003377
op4a	10	1000	31	25978	0.003983
op4b	10	1000	31	23906	0.010591
op4ab	10	1000	31	24330	0.007687
op3	10	100	50	4252	0.000559
op4a	10	100	50	3894	0.000629
op4b	10	100	50	2852	0.001570
op4ab	10	100	50	3510	0.001667
op3	10	100	25	2265	0.000400
op4a	10	100	25	2216	0.000364
op4b	10	100	25	1936	0.000766
op4ab	10	100	25	2183	0.000651
op3	10	100	12	1136	0.000278
op4a	10	100	12	1130	0.000237
op4b	10	100	12	1061	0.000306
op4ab	10	100	12	1120	0.000296
op3	10	100	6	544	0.000086
op4a	10	100	6	542	0.000106
op4b	10	100	6	529	0.000134
op4ab	10	100	6	542	0.000146
op3	10	100	3	287	0.000051
op4a	10	100	3	287	0.000076
op4b	10	100	3	284	0.000085
op4ab	10	100	3	287	0.000099
op3	20	100000	6250	386291020	120.055037
op4a	20	100000	6250	386240720	122.919983
op4b	20	100000	6250	189074428	3562.962484
