op1	2	50	25	925	0.000034
op2	2	50	25	587	0.000046
op3	2	50	25	587	0.000075
op4a	2	50	25	438	0.000094
op4b	2	50	25	420	0.000091
op4ab	2	50	25	341	0.000110
op1	2	50	13	559	0.000019
op2	2	50	13	280	0.000018
op3	2	50	13	280	0.000038
op4a	2	50	13	259	0.000048
op4b	2	50	13	214	0.000070
op4ab	2	50	13	222	0.000064
op1	2	50	6	279	0.000009
op2	2	50	6	164	0.000010
op3	2	50	6	164	0.000023
op4a	2	50	6	163	0.000032
op4b	2	50	6	138	0.000035
op4ab	2	50	6	145	0.000039
op1	2	50	3	144	0.000005
op2	2	50	3	96	0.000006
op3	2	50	3	96	0.000018
op4a	2	50	3	96	0.000024
op4b	2	50	3	93	0.000025
op4ab	2	50	3	96	0.000033
op1	2	50	2	97	0.000004
op2	2	50	2	82	0.000004
op3	2	50	2	82	0.000014
op4a	2	50	2	82	0.000019
op4b	2	50	2	81	0.000019
op4ab	2	50	2	82	0.000026
op1	2	500	250	93625	0.003035
op2	2	500	250	36168	0.002481
op3	2	500	250	36168	0.002738
op4a	2	500	250	22918	0.003258
op4b	2	500	250	32718	0.003317
op4ab	2	500	250	20542	0.003780
op1	2	500	125	54625	0.001513
op2	2	500	125	12363	0.000980
op3	2	500	125	12363	0.001080
op4a	2	500	125	10200	0.001442
op4b	2	500	125	9918	0.001516
op4ab	2	500	125	8284	0.001976
op1	2	500	63	29484	0.000897
op2	2	500	63	5991	0.000640
op3	2	500	63	5991	0.000630
op4a	2	500	63	5595	0.000792
op4b	2	500	63	4304	0.001025
op4ab	2	500	63	4129	0.001086
op1	2	500	31	15004	0.000388
op2	2	500	31	3696	0.000287
op3	2	500	31	3696	0.000464
op4a	2	500	31	3583	0.000635
op4b	2	500	31	2645	0.000714
op4ab	2	500	31	2637	0.000851
op1	2	500	16	7864	0.000211
op2	2	500	16	2771	0.000183
op3	2	500	16	2771	0.000374
op4a	2	500	16	2745	0.000497
op4b	2	500	16	2112	0.000584
op4ab	2	500	16	2126	0.000728
op1	2	5000	2500	9373750	0.330215
op2	2	5000	2500	3204347	0.260931
op3	2	5000	2500	3204347	0.249904
op4a	2	5000	2500	1888375	0.291524
op4b	2	5000	2500	3144768	0.280211
op4ab	2	5000	2500	1845331	0.319907
op1	2	5000	1250	5468125	0.157319
op2	2	5000	1250	853705	0.091647
op3	2	5000	1250	853705	0.069925
op4a	2	5000	1250	691256	0.084458
op4b	2	5000	1250	809556	0.082342
op4ab	2	5000	1250	654621	0.098935
op1	2	5000	625	2929375	0.077101
op2	2	5000	625	263625	0.037596
op3	2	5000	625	263625	0.024460
op4a	2	5000	625	236604	0.030905
op4b	2	5000	625	226994	0.031804
op4ab	2	5000	625	203548	0.039198
op1	2	5000	313	1515859	0.038595
op2	2	5000	313	107158	0.017512
op3	2	5000	313	107158	0.011553
op4a	2	5000	313	100634	0.015707
op4b	2	5000	313	80091	0.016749
op4ab	2	5000	313	75252	0.021667
op1	2	5000	156	767754	0.019001
op2	2	5000	156	64420	0.009720
op3	2	5000	156	64420	0.008364
op4a	2	5000	156	62693	0.011350
op4b	2	5000	156	41729	0.013439
op4ab	2	5000	156	40877	0.015980
op1	2	50000	6250	292965625	8.149823
op2	2	50000	6250	20461175	3.850893
op3	2	50000	6250	20461175	2.418948
op4a	2	50000	6250	18068818	3.416882
op4b	2	50000	6250	19923966	2.812140
op4ab	2	50000	6250	17579569	4.074191
op1	2	50000	3125	151365625	4.163894
op2	2	50000	3125	5764833	1.659617
op3	2	50000	3125	5764833	0.681083
op4a	2	50000	3125	5236667	0.966424
op4b	2	50000	3125	5286771	0.908699
op4ab	2	50000	3125	4782497	1.123172
op1	2	50000	1563	76927734	2.074858
op2	2	50000	1563	2027655	0.777241
op3	2	50000	1563	2027655	0.288221
op4a	2	50000	1563	1898277	0.397274
op4b	2	50000	1563	1614039	0.444722
op4ab	2	50000	1563	1497399	0.586141
op1	3	50	25	925	0.000039
op2	3	50	25	627	0.000043
op3	3	50	25	627	0.000072
op4a	3	50	25	494	0.000083
op4b	3	50	25	416	0.000092
op4ab	3	50	25	371	0.000106
op1	3	50	13	559	0.000021
op2	3	50	13	369	0.000023
op3	3	50	13	369	0.000046
op4a	3	50	13	357	0.000052
op4b	3	50	13	248	0.000063
op4ab	3	50	13	274	0.000070
op1	3	50	6	279	0.000011
op2	3	50	6	193	0.000013
op3	3	50	6	193	0.000033
op4a	3	50	6	191	0.000041
op4b	3	50	6	168	0.000045
op4ab	3	50	6	178	0.000053
op1	3	50	3	144	0.000006
op2	3	50	3	112	0.000007
op3	3	50	3	112	0.000020
op4a	3	50	3	112	0.000022
op4b	3	50	3	109	0.000024
op4ab	3	50	3	112	0.000039
op1	3	50	2	97	0.000003
op2	3	50	2	80	0.000005
op3	3	50	2	80	0.000016
op4a	3	50	2	80	0.000018
op4b	3	50	2	79	0.000019
op4ab	3	50	2	80	0.000038
op1	3	500	250	93625	0.003641
op2	3	500	250	39034	0.002723
op3	3	500	250	39034	0.003206
op4a	3	500	250	28475	0.003593
op4b	3	500	250	33131	0.003786
op4ab	3	500	250	23997	0.004703
op1	3	500	125	54625	0.001788
op2	3	500	125	15002	0.001170
op3	3	500	125	15002	0.001722
op4a	3	500	125	13667	0.001670
op4b	3	500	125	10575	0.001870
op4ab	3	500	125	9869	0.002342
op1	3	500	63	29484	0.000961
op2	3	500	63	7959	0.000605
op3	3	500	63	7959	0.000851
op4a	3	500	63	7694	0.001110
op4b	3	500	63	5015	0.001365
op4ab	3	500	63	5065	0.001498
op1	3	500	31	15004	0.000460
op2	3	500	31	4907	0.000339
op3	3	500	31	4907	0.000578
op4a	3	500	31	4839	0.000710
op4b	3	500	31	3199	0.000897
op4ab	3	500	31	3254	0.000974
op1	3	500	16	7864	0.000258
op2	3	500	16	3692	0.000218
op3	3	500	16	3692	0.000461
op4a	3	500	16	3673	0.000598
op4b	3	500	16	2618	0.000754
op4ab	3	500	16	2658	0.000875
op1	3	5000	2500	9373750	0.375483
op2	3	5000	2500	3258316	0.286819
op3	3	5000	2500	3258316	0.276740
op4a	3	5000	2500	2338555	0.321354
op4b	3	5000	2500	3150241	0.310762
op4ab	3	5000	2500	2251526	0.350754
op1	3	5000	1250	5468125	0.184771
op2	3	5000	1250	906976	0.098408
op3	3	5000	1250	906976	0.080940
op4a	3	5000	1250	824139	0.140422
op4b	3	5000	1250	817990	0.103723
op4ab	3	5000	1250	744939	0.114558
op1	3	5000	625	2929375	0.091315
op2	3	5000	625	307397	0.040830
op3	3	5000	625	307397	0.030280
op4a	3	5000	625	294791	0.036806
op4b	3	5000	625	235932	0.040262
op4ab	3	5000	625	228120	0.048798
op1	3	5000	313	1515859	0.046369
op2	3	5000	313	145078	0.020518
op3	3	5000	313	145078	0.015586
op4a	3	5000	313	141605	0.019547
op4b	3	5000	313	89536	0.024302
op4ab	3	5000	313	88238	0.028642
op1	3	5000	156	767754	0.022788
op2	3	5000	156	93780	0.010815
op3	3	5000	156	93780	0.011040
op4a	3	5000	156	92800	0.014125
op4b	3	5000	156	50625	0.017644
op4ab	3	5000	156	50826	0.022292
op1	3	50000	6250	292965625	9.744728
op2	3	50000	6250	21217550	4.260598
op3	3	50000	6250	21217550	2.816727
op4a	3	50000	6250	20429729	3.857833
op4b	3	50000	6250	20037178	3.545575
op4ab	3	50000	6250	19314619	4.476250
op1	3	50000	3125	151365625	4.816565
op2	3	50000	3125	6399202	1.731414
op3	3	50000	3125	6399202	0.792535
op4a	3	50000	3125	6209355	1.034120
op4b	3	50000	3125	5394814	1.133844
op4ab	3	50000	3125	5238697	1.389649
op1	3	50000	1563	76927734	2.410620
op2	3	50000	1563	2573779	0.830403
op3	3	50000	1563	2573779	0.378619
op4a	3	50000	1563	2523002	0.498170
op4b	3	50000	1563	1716540	0.644893
op4ab	3	50000	1563	1683902	0.777515
op1	5	50	25	925	0.000048
op2	5	50	25	798	0.000052
op3	5	50	25	798	0.000090
op4a	5	50	25	713	0.000101
op4b	5	50	25	508	0.000130
op4ab	5	50	25	572	0.000177
op1	5	50	13	559	0.000027
op2	5	50	13	434	0.000034
op3	5	50	13	434	0.000060
op4a	5	50	13	422	0.000074
op4b	5	50	13	337	0.000089
op4ab	5	50	13	383	0.000107
op1	5	50	6	279	0.000013
op2	5	50	6	244	0.000014
op3	5	50	6	244	0.000044
op4a	5	50	6	240	0.000039
op4b	5	50	6	226	0.000052
op4ab	5	50	6	237	0.000057
op1	5	50	3	144	0.000008
op2	5	50	3	123	0.000007
op3	5	50	3	123	0.000023
op4a	5	50	3	123	0.000031
op4b	5	50	3	120	0.000031
op4ab	5	50	3	123	0.000037
op1	5	50	2	97	0.000005
op2	5	50	2	90	0.000006
op3	5	50	2	90	0.000021
op4a	5	50	2	90	0.000024
op4b	5	50	2	89	0.000022
op4ab	5	50	2	90	0.000026
op1	5	500	250	93625	0.004488
op2	5	500	250	46907	0.003517
op3	5	500	250	46907	0.004513
op4a	5	500	250	39016	0.004674
op4b	5	500	250	34571	0.005706
op4ab	5	500	250	29087	0.006358
op1	5	500	125	54625	0.003304
op2	5	500	125	21644	0.002428
op3	5	500	125	21644	0.002135
op4a	5	500	125	20992	0.002303
op4b	5	500	125	12673	0.003291
op4ab	5	500	125	13115	0.003261
op1	5	500	63	29484	0.001210
op2	5	500	63	12239	0.000905
op3	5	500	63	12239	0.001249
op4a	5	500	63	12072	0.001466
op4b	5	500	63	7127	0.002169
op4ab	5	500	63	7529	0.003216
op1	5	500	31	15004	0.000916
op2	5	500	31	7652	0.000702
op3	5	500	31	7652	0.001321
op4a	5	500	31	7607	0.001073
op4b	5	500	31	5132	0.001449
op4ab	5	500	31	5344	0.001483
op1	5	500	16	7864	0.000316
op2	5	500	16	4808	0.000283
op3	5	500	16	4808	0.000515
op4a	5	500	16	4799	0.000619
op4b	5	500	16	3864	0.000949
op4ab	5	500	16	3961	0.000974
op1	5	5000	2500	9373750	0.474091
op2	5	5000	2500	3455666	0.344474
op3	5	5000	2500	3455666	0.348463
op4a	5	5000	2500	2740542	0.376191
op4b	5	5000	2500	3169638	0.400468
op4ab	5	5000	2500	2486503	0.427256
op1	5	5000	1250	5468125	0.240318
op2	5	5000	1250	1079606	0.121452
op3	5	5000	1250	1079606	0.113866
op4a	5	5000	1250	1022601	0.129423
op4b	5	5000	1250	846490	0.150646
op4ab	5	5000	1250	804569	0.160914
op1	5	5000	625	2929375	0.122144
op2	5	5000	625	453208	0.053139
op3	5	5000	625	453208	0.049480
op4a	5	5000	625	447494	0.055516
op4b	5	5000	625	267433	0.077247
op4ab	5	5000	625	268620	0.081177
op1	5	5000	313	1515859	0.061557
op2	5	5000	313	254601	0.026611
op3	5	5000	313	254601	0.028321
op4a	5	5000	313	253041	0.032130
op4b	5	5000	313	119627	0.048626
op4ab	5	5000	313	121468	0.053151
op1	5	5000	156	767754	0.033033
op2	5	5000	156	174537	0.015263
op3	5	5000	156	174537	0.021692
op4a	5	5000	156	174027	0.023457
op4b	5	5000	156	78898	0.036256
op4ab	5	5000	156	80098	0.038220
op1	5	50000	6250	292965625	12.869021
op2	5	50000	6250	23992797	4.928713
op3	5	50000	6250	23992797	3.999059
op4a	5	50000	6250	23727840	4.801695
op4b	5	50000	6250	20427114	5.267783
op4ab	5	50000	6250	20261118	6.049057
op1	5	50000	3125	151365625	6.425147
op2	5	50000	3125	8812049	2.085439
op3	5	50000	3125	8812049	1.354576
op4a	5	50000	3125	8757055	1.597030
op4b	5	50000	3125	5794879	2.176858
op4ab	5	50000	3125	5788627	2.416831
op1	5	50000	1563	76927734	3.233057
op2	5	50000	1563	4598918	1.041362
op3	5	50000	1563	4598918	0.772611
op4a	5	50000	1563	4581363	0.903978
op4b	5	50000	1563	2116276	1.422878
op4ab	5	50000	1563	2122541	1.563410
op1	10	50	25	925	0.000077
op2	10	50	25	1150	0.000103
op3	10	50	25	1150	0.000154
op4a	10	50	25	1046	0.000159
op4b	10	50	25	833	0.000275
op4ab	10	50	25	1010	0.000257
op1	10	50	13	559	0.000040
op2	10	50	13	601	0.000046
op3	10	50	13	601	0.000079
op4a	10	50	13	585	0.000111
op4b	10	50	13	515	0.000159
op4ab	10	50	13	576	0.000145
op1	10	50	6	279	0.000027
op2	10	50	6	284	0.000022
op3	10	50	6	284	0.000052
op4a	10	50	6	279	0.000053
op4b	10	50	6	268	0.000066
op4ab	10	50	6	278	0.000072
op1	10	50	3	144	0.000017
op2	10	50	3	139	0.000018
op3	10	50	3	139	0.000038
op4a	10	50	3	139	0.000050
op4b	10	50	3	136	0.000045
op4ab	10	50	3	139	0.000051
op1	10	50	2	97	0.000012
op2	10	50	2	97	0.000013
op3	10	50	2	97	0.000031
op4a	10	50	2	97	0.000035
op4b	10	50	2	96	0.000035
op4ab	10	50	2	97	0.000041
op1	10	500	250	93625	0.007080
op2	10	500	250	80545	0.006842
op3	10	500	250	80545	0.009281
op4a	10	500	250	72654	0.009581
op4b	10	500	250	45510	0.026955
op4ab	10	500	250	50077	0.020416
op1	10	500	125	54625	0.004062
op2	10	500	125	43094	0.003425
op3	10	500	125	43094	0.005035
op4a	10	500	125	42420	0.005294
op4b	10	500	125	27579	0.017717
op4ab	10	500	125	32211	0.012971
op1	10	500	63	29484	0.001856
op2	10	500	63	24519	0.001779
op3	10	500	63	24519	0.002667
op4a	10	500	63	24397	0.002871
op4b	10	500	63	19199	0.009274
op4ab	10	500	63	20856	0.006712
op1	10	500	31	15004	0.001161
op2	10	500	31	13199	0.001011
op3	10	500	31	13199	0.001486
op4a	10	500	31	13169	0.001616
op4b	10	500	31	11931	0.003786
op4ab	10	500	31	12363	0.003304
op1	10	500	16	7864	0.000490
op2	10	500	16	7239	0.000514
op3	10	500	16	7239	0.000860
op4a	10	500	16	7226	0.000987
op4b	10	500	16	6957	0.001733
op4ab	10	500	16	7064	0.001918
op1	10	5000	2500	9373750	0.688613
op2	10	5000	2500	4789890	0.526314
op3	10	5000	2500	4789890	0.607748
op4a	10	5000	2500	4084841	0.615354
op4b	10	5000	2500	3335636	1.178803
op4ab	10	5000	2500	2798516	1.066936
op1	10	5000	1250	5468125	0.362995
op2	10	5000	1250	2140042	0.223497
op3	10	5000	1250	2140042	0.269994
op4a	10	5000	1250	2087573	0.283859
op4b	10	5000	1250	1097437	0.784001
op4ab	10	5000	1250	1133590	0.670264
op1	10	5000	625	2929375	0.187792
op2	10	5000	625	1188996	0.114008
op3	10	5000	625	1188996	0.148514
op4a	10	5000	625	1184346	0.155705
op4b	10	5000	625	533140	0.556547
op4ab	10	5000	625	574737	0.455611
op1	10	5000	313	1515859	0.095638
op2	10	5000	313	716239	0.063678
op3	10	5000	313	716239	0.086067
op4a	10	5000	313	715067	0.090776
op4b	10	5000	313	357193	0.368117
op4ab	10	5000	313	378590	0.299933
op1	10	5000	156	767754	0.050341
op2	10	5000	156	443447	0.038981
op3	10	5000	156	443447	0.055719
op4a	10	5000	156	442981	0.058949
op4b	10	5000	156	283502	0.242254
op4ab	10	5000	156	292407	0.199642
op1	10	50000	6250	292965625	19.893412
op2	10	50000	6250	46758793	8.640689
op3	10	50000	6250	46758793	10.507310
op4a	10	50000	6250	46553291	11.385073
op4b	10	50000	6250	23675148	19.495013
op4ab	10	50000	6250	23898259	19.084390
op1	10	50000	3125	151365625	10.090567
op2	10	50000	3125	25898295	4.190597
op3	10	50000	3125	25898295	5.503548
op4a	10	50000	3125	25880953	5.810768
op4b	10	50000	3125	9003937	12.246964
op4ab	10	50000	3125	9222325	11.518956
op1	10	50000	1563	76927734	5.090175
op2	10	50000	1563	16790546	2.323103
op3	10	50000	1563	16790546	3.528552
op4a	10	50000	1563	16784014	3.642551
op4b	10	50000	1563	5122437	8.695983
op4ab	10	50000	1563	5243271	8.089666
op1	20	50	25	925	0.000135
op2	20	50	25	1225	0.000154
op3	20	50	25	1225	0.000231
op4a	20	50	25	1127	0.000230
op4b	20	50	25	925	0.000377
op4ab	20	50	25	1127	0.000360
op1	20	50	13	559	0.000067
op2	20	50	13	632	0.000076
op3	20	50	13	632	0.000112
op4a	20	50	13	613	0.000126
op4b	20	50	13	554	0.000174
op4ab	20	50	13	613	0.000178
op1	20	50	6	279	0.000033
op2	20	50	6	294	0.000038
op3	20	50	6	294	0.000067
op4a	20	50	6	292	0.000066
op4b	20	50	6	279	0.000080
op4ab	20	50	6	292	0.000088
op1	20	50	3	144	0.000017
op2	20	50	3	146	0.000018
op3	20	50	3	146	0.000052
op4a	20	50	3	145	0.000053
op4b	20	50	3	143	0.000070
op4ab	20	50	3	145	0.000062
op1	20	50	2	97	0.000012
op2	20	50	2	98	0.000021
op3	20	50	2	98	0.000037
op4a	20	50	2	98	0.000038
op4b	20	50	2	97	0.000040
op4ab	20	50	2	98	0.000046
op1	20	500	250	93625	0.011289
op2	20	500	250	121740	0.014591
op3	20	500	250	121740	0.018864
op4a	20	500	250	115022	0.019755
op4b	20	500	250	89367	0.146293
op4ab	20	500	250	112995	0.087737
op1	20	500	125	54625	0.006074
op2	20	500	125	61035	0.008185
op3	20	500	125	61035	0.009423
op4a	20	500	125	60475	0.009962
op4b	20	500	125	53030	0.051243
op4ab	20	500	125	60167	0.035220
op1	20	500	63	29484	0.003186
op2	20	500	63	31074	0.003407
op3	20	500	63	31074	0.005198
op4a	20	500	63	30962	0.004963
op4b	20	500	63	29084	0.018545
op4ab	20	500	63	30925	0.012094
op1	20	500	31	15004	0.001614
op2	20	500	31	15379	0.001719
op3	20	500	31	15379	0.002495
op4a	20	500	31	15330	0.002621
op4b	20	500	31	14912	0.007660
op4ab	20	500	31	15328	0.004951
op1	20	500	16	7864	0.000842
op2	20	500	16	7965	0.000864
op3	20	500	16	7965	0.001338
op4a	20	500	16	7952	0.001399
op4b	20	500	16	7845	0.002421
op4ab	20	500	16	7952	0.002141
op1	20	5000	2500	9373750	1.115379
op2	20	5000	2500	10570413	1.358371
op3	20	5000	2500	10570413	1.830476
op4a	20	5000	2500	9821686	1.814820
op4b	20	5000	2500	6205809	61.313086
op4ab	20	5000	2500	7838435	36.428262
op1	20	5000	1250	5468125	0.618820
op2	20	5000	1250	5456458	0.658416
op3	20	5000	1250	5456458	0.939869
op4a	20	5000	1250	5405215	0.953900
op4b	20	5000	1250	4036139	28.234421
op4ab	20	5000	1250	4696089	16.447923
op1	20	5000	625	2929375	0.321557
op2	20	5000	625	2858103	0.329801
op3	20	5000	625	2858103	0.480250
op4a	20	5000	625	2853935	0.492716
op4b	20	5000	625	2489245	10.338637
op4ab	20	5000	625	2676551	6.186641
op1	20	5000	313	1515859	0.164793
op2	20	5000	313	1479509	0.168656
op3	20	5000	313	1479509	0.247011
op4a	20	5000	313	1478393	0.253189
op4b	20	5000	313	1390949	3.267410
op4ab	20	5000	313	1438519	2.119410
op1	20	5000	156	767754	0.083484
op2	20	5000	156	753338	0.084493
op3	20	5000	156	753338	0.134794
op4a	20	5000	156	752871	0.133134
op4b	20	5000	156	734095	0.975617
op4ab	20	5000	156	745717	0.709264
op1	20	50000	6250	292965625	33.809603
op2	20	50000	6250	202405577	29.691351
op3	20	50000	6250	202405577	56.545654
op4a	20	50000	6250	202168139	59.100693
op4b	20	50000	6250	101597298	1721.032210
op4ab	20	50000	6250	113443439	1066.960803
op1	20	50000	3125	151365625	17.268834
op2	20	50000	3125	112834081	15.118707
op3	20	50000	3125	112834081	30.664090
op4a	20	50000	3125	112814289	31.360128
op4b	20	50000	3125	70801096	873.679904
op4ab	20	50000	3125	74849107	531.925559
op1	20	50000	1563	76927734	8.733584
op2	20	50000	1563	62492626	7.892175
op3	20	50000	1563	62492626	16.797489
op4a	20	50000	1563	62484683	16.906562
op4b	20	50000	1563	47719255	380.858279
op4ab	20	50000	1563	48880343	243.259912
